$ 1 0.000005 10.20027730826997 50 5 43 5e-11
w 400 272 400 224 0
r 400 224 400 160 0 100
162 400 112 400 160 2 default-led 1 0 0 0.01
R 400 112 400 64 0 0 40 5 0 0 0.5
t 368 288 400 288 0 1 -9.975556269709509 -4.99002093128879 100 default
g 400 368 400 432 0 0
w 400 304 400 368 0
w 160 272 128 272 0
w 160 304 128 304 0
R 128 304 128 464 0 2 40 0.015 0.019 0 0.5
w 128 272 128 160 0
w 128 160 48 160 0
w 48 160 48 224 0
w 48 160 48 128 0
r 48 128 48 80 0 47000
R 48 80 48 64 0 0 40 5 0 0 0.5
r 48 224 48 272 0 130
g 48 272 48 336 0 0
w 352 288 368 288 0
a 192 288 240 288 8 5 -5 1000000 0.013791640144281775 0.004 100000
w 160 272 192 272 0
w 160 304 192 304 0
w 272 288 272 480 0
r 272 288 352 288 0 100
w 272 480 304 480 0
w 240 288 272 288 0
w 352 288 352 336 0
w 352 336 352 352 0
r 352 352 352 400 0 50000
g 352 400 352 432 0 0
d 304 480 368 480 2 default
w 368 480 416 480 0
a 448 480 544 480 9 15 -15 1000000 0 -0.008057458256160999 100000
w 448 464 432 464 0
w 432 464 432 480 0
w 432 480 416 480 0
w 448 496 448 624 0
g 448 624 448 640 0 0
d 544 480 592 480 2 default
r 592 480 592 608 0 47000
g 592 608 592 640 0 0
w 592 480 640 480 0
w 368 480 368 560 0
r 368 560 368 624 0 47000
g 368 624 368 640 0 0
